68	2	
64	-0.79600698	-2.4785011
21	-0.79998922	-2.6744797
23	-0.81362969	-2.5533195
61	-0.87110949	-2.4400368
47	-0.82843411	-2.5890357
66	-0.83352834	-2.5357387
19	-0.82388455	-2.6615365
46	-0.74236286	-2.5121043
16	-0.78119457	-2.547792
15	-0.81788635	-2.5465195
5	-1.100801	0.19479132
63	-0.84339887	0.039278138
53	-1.0342377	0.1201889
49	-0.86767137	-0.00361394
40	-0.91537315	0.068710804
11	-0.95109499	0.050492316
22	-0.93525189	0.022612946
55	-1.029963	0.094010301
7	-1.0649616	0.13620083
18	-0.79523927	-0.066609457
6	-0.9673453	0.093862146
50	-0.99044502	0.085400306
13	-1.0381695	0.14346807
62	-1.0512666	0.10087508
56	-0.75145549	-1.1802354
29	-0.82284188	-1.0330695
65	-0.83061337	-1.0349964
31	-0.84315145	-1.1382136
58	-0.81167769	-1.036275
10	-0.72310984	-1.117046
20	-0.94758004	0.065982386
54	-1.0814558	0.14323463
43	-0.99661165	0.07344152
60	-1.1037798	0.11588313
8	-1.081772	0.10918668
25	-6.189611	3.6091068
57	-6.3392572	3.6901364
44	-6.218895	3.6152053
14	-1.0334257	0.10959535
26	-6.3325329	3.6959331
9	-1.0144989	0.10884584
28	-0.79378015	-1.0233893
2	-1.0042979	-0.41453233
17	-6.793879	3.9247129
52	-6.632267	3.8237293
45	-0.78728724	-1.082551
41	-0.92978251	0.14255434
59	-1.0208025	-0.14096914
36	-0.91957712	-2.2523506
39	-1.0135624	-0.25572604
30	-0.81785572	-2.1024687
4	-1.0059365	-0.21974471
68	-0.79433924	-2.2139075
24	-0.85018373	-2.1614268
35	-0.9327603	-2.1180279
3	-0.94004536	-0.28047505
38	-1.0762697	-0.23831645
27	-0.74735194	-2.1349485
33	-1.4511127	-2.4311676
51	-1.4893229	-2.6050198
42	-1.9014723	-3.5814798
48	-1.0626366	0.12161543
34	-1.9130708	-3.6594927
32	-0.98668909	0.00150608
67	-0.99291962	0.024787385
12	-0.95530969	0.058207974
1	-1.5267287	-1.9911268
37	-1.5416751	-1.9897211
